56935463 0.21936 0.146973 0.964355 0 0.26123 -0.961304 0.0870361 0 0.939941 0.232788 -0.24939 0 444.475 -3.46025 -108.719 1
56935563 0.213257 0.14563 0.965942 0 0.260742 -0.961426 0.0874023 0 0.941406 0.233276 -0.243042 0 444.81 -3.23701 -108.719 1
56935671 0.200317 0.141479 0.96936 0 0.257446 -0.962402 0.0871582 0 0.94519 0.232056 -0.22937 0 445.591 -3.12539 -108.496 1
56935783 0.19873 0.141235 0.969727 0 0.25769 -0.96228 0.0872803 0 0.945435 0.232544 -0.227783 0 445.703 -3.12539 -108.384 1
56935913 0.192017 0.140259 0.971191 0 0.255737 -0.962646 0.0883789 0 0.947388 0.231445 -0.220825 0 446.15 -3.01377 -108.161 1
56936013 0.179077 0.136841 0.974121 0 0.249023 -0.964355 0.0895996 0 0.95166 0.226563 -0.206909 0 447.154 -3.01377 -107.826 1
56936113 0.160522 0.133179 0.977905 0 0.243774 -0.965454 0.0914307 0 0.956299 0.223755 -0.187622 0 447.935 -3.01377 -107.379 1
56936213 0.13623 0.125488 0.982544 0 0.238037 -0.967041 0.0904541 0 0.961548 0.221558 -0.161621 0 449.387 -2.79053 -106.933 1
56936333 0.120483 0.12146 0.985107 0 0.23645 -0.967407 0.090332 0 0.963989 0.222046 -0.145386 0 450.168 -2.56729 -106.598 1
56936433 0.111084 0.11853 0.986572 0 0.236206 -0.967529 0.0895996 0 0.96521 0.223022 -0.13562 0 450.614 -2.45566 -106.487 1
56936550 0.0996094 0.114258 0.988281 0 0.237305 -0.967407 0.0880127 0 0.966187 0.225708 -0.123535 0 451.061 -2.1208 -106.263 1
56936650 0.088623 0.111206 0.989746 0 0.238159 -0.967285 0.0872803 0 0.967041 0.228027 -0.112305 0 451.507 -1.67432 -106.04 1
56936766 0.0777588 0.108032 0.990967 0 0.237671 -0.967407 0.086792 0 0.96814 0.22876 -0.100952 0 451.842 -1.67432 -105.817 1
56936883 0.0657959 0.105225 0.992188 0 0.236328 -0.967773 0.0869141 0 0.96936 0.22876 -0.0887451 0 452.4 -1.45107 -105.594 1
56936983 0.0487061 0.0991211 0.993774 0 0.234741 -0.968262 0.085083 0 0.970703 0.229126 -0.0705566 0 453.182 -1.22783 -105.259 1
56937100 0.0324707 0.0938721 0.994995 0 0.233276 -0.96875 0.0837402 0 0.971802 0.22937 -0.0534668 0 453.963 -1.00459 -104.924 1
56937200 0.0236816 0.0914307 0.995483 0 0.232788 -0.968872 0.0834961 0 0.972168 0.229858 -0.0443115 0 454.409 -1.00459 -104.589 1
56937316 0.00976563 0.0870361 0.996094 0 0.233643 -0.968872 0.0822754 0 0.972168 0.231934 -0.0299072 0 454.968 -0.669727 -104.254 1
56937416 -0.00378418 0.0806885 0.996582 0 0.234863 -0.96875 0.0792236 0 0.971924 0.234375 -0.0153809 0 455.414 -0.111621 -103.919 1
56937533 -0.0183105 0.0750732 0.996948 0 0.235718 -0.96875 0.0772705 0 0.971558 0.236328 0 0 455.972 0.223242 -103.584 1
56937650 -0.03479 0.0693359 0.996948 0 0.236328 -0.96875 0.0755615 0 0.970947 0.238281 0.0172119 0 456.53 0.558105 -103.138 1
56937750 -0.0445557 0.0648193 0.996826 0 0.236206 -0.968872 0.0734863 0 0.970581 0.23877 0.02771 0 456.977 0.669727 -102.803 1
56937851 -0.0544434 0.059082 0.996704 0 0.235718 -0.969238 0.0703125 0 0.970215 0.238892 0.0388184 0 457.312 0.892969 -102.58 1
56937966 -0.0697021 0.0533447 0.996094 0 0.235718 -0.96936 0.0683594 0 0.969238 0.239624 0.0549316 0 458.093 1.33945 -102.022 1
56938083 -0.0787354 0.0499268 0.995605 0 0.236084 -0.96936 0.0672607 0 0.968506 0.240356 0.0644531 0 458.539 1.45107 -101.91 1
56938183 -0.0858154 0.0460205 0.995117 0 0.236572 -0.96936 0.0653076 0 0.967651 0.241089 0.0722656 0 458.763 1.67432 -101.687 1
56938299 -0.0977783 0.0424805 0.994263 0 0.238525 -0.968994 0.0648193 0 0.966064 0.24353 0.0844727 0 459.321 2.00918 -101.352 1
56938416 -0.110718 0.0391846 0.993042 0 0.240723 -0.968384 0.0650635 0 0.964111 0.246338 0.0976563 0 459.991 2.23242 -101.129 1
56938516 -0.11792 0.036499 0.99231 0 0.24292 -0.967896 0.0644531 0 0.962769 0.248657 0.105103 0 460.214 2.45566 -100.905 1
56938633 -0.129272 0.0314941 0.990967 0 0.244629 -0.967529 0.0627441 0 0.960815 0.25061 0.11731 0 460.772 2.79053 -100.459 1
56938734 -0.140137 0.0268555 0.989624 0 0.243896 -0.967896 0.060791 0 0.959473 0.25 0.129028 0 461.218 3.01377 -100.124 1
56938863 -0.150391 0.0239258 0.988281 0 0.244263 -0.967773 0.0606689 0 0.957886 0.25061 0.139648 0 461.665 3.23701 -99.9009 1
56938963 -0.160278 0.020752 0.986816 0 0.244751 -0.967651 0.0600586 0 0.956177 0.251221 0.149902 0 462 3.46025 -99.566 1
56939063 -0.168457 0.0158691 0.985474 0 0.24707 -0.967285 0.0577393 0 0.954102 0.253296 0.158936 0 462.223 3.79512 -99.2312 1
56939168 -0.178467 0.0102539 0.983765 0 0.247192 -0.967407 0.0549316 0 0.952271 0.25293 0.170044 0 462.558 4.12998 -99.0079 1
56939299 -0.188965 0.00439453 0.981934 0 0.24707 -0.967651 0.0518799 0 0.950317 0.252319 0.181763 0 462.893 4.2416 -98.673 1
56939400 -0.196777 -0.00109863 0.980347 0 0.247681 -0.967651 0.048584 0 0.948486 0.252441 0.190552 0 463.116 4.46484 -98.4498 1
56939500 -0.210449 -0.0112305 0.977417 0 0.24707 -0.96814 0.0421143 0 0.945801 0.250366 0.206421 0 463.562 4.68809 -98.0033 1
56939602 -0.221802 -0.0177002 0.974854 0 0.247681 -0.968018 0.0388184 0 0.942993 0.250122 0.218994 0 463.897 4.91133 -97.6685 1
56939716 -0.232788 -0.0229492 0.972168 0 0.249634 -0.967651 0.0368652 0 0.939819 0.251343 0.230835 0 463.897 5.02295 -97.3336 1
56939833 -0.248291 -0.0303955 0.96814 0 0.251099 -0.967407 0.0339355 0 0.935425 0.251587 0.247681 0 464.232 5.46943 -96.7755 1
56939933 -0.259277 -0.0351563 0.965088 0 0.250732 -0.967529 0.0321045 0 0.932617 0.250366 0.259644 0 464.567 5.69268 -96.4406 1
56940050 -0.268555 -0.0394287 0.962402 0 0.252319 -0.967163 0.0307617 0 0.929565 0.251221 0.269653 0 464.79 5.69268 -96.2174 1
56940167 -0.282593 -0.0477295 0.958008 0 0.254761 -0.966675 0.0269775 0 0.924683 0.251709 0.285278 0 465.013 6.02754 -95.7709 1
56940264 -0.296387 -0.0566406 0.953247 0 0.254883 -0.966675 0.0217285 0 0.920288 0.24939 0.300903 0 465.348 6.25078 -95.3244 1
56940383 -0.304077 -0.0610352 0.950562 0 0.256104 -0.966431 0.0198975 0 0.91748 0.249512 0.309448 0 465.572 6.3624 -94.9895 1
56940483 -0.314575 -0.0645752 0.946899 0 0.257813 -0.965942 0.0197754 0 0.913452 0.250366 0.320435 0 465.46 6.47402 -94.5431 1
56940613 -0.328857 -0.0748291 0.941284 0 0.259766 -0.965576 0.013916 0 0.907837 0.249268 0.336914 0 465.572 6.80889 -93.985 1
56940713 -0.336914 -0.0793457 0.93811 0 0.261719 -0.965088 0.0123291 0 0.904297 0.249756 0.345825 0 465.46 7.03213 -93.7617 1
56940815 -0.349854 -0.0844727 0.932861 0 0.261841 -0.965088 0.0108643 0 0.899414 0.248169 0.359619 0 465.46 7.14375 -93.2036 1
56940918 -0.359375 -0.0887451 0.928833 0 0.261108 -0.965332 0.00866699 0 0.895874 0.245728 0.369995 0 465.46 7.36699 -92.7571 1
56941033 -0.368164 -0.0943604 0.924927 0 0.261963 -0.965088 0.0057373 0 0.891968 0.244507 0.379883 0 465.46 7.47861 -92.4223 1
56941163 -0.386597 -0.104614 0.91626 0 0.26123 -0.96521 0 0 0.884399 0.23938 0.400391 0 465.683 7.70186 -91.6409 1
56941263 -0.393799 -0.107178 0.912842 0 0.260498 -0.965454 -0.000976563 0 0.881348 0.237427 0.408081 0 466.018 7.70186 -91.3061 1
56941363 -0.400146 -0.109985 0.90979 0 0.262207 -0.964966 -0.00134277 0 0.878052 0.238037 0.414917 0 466.018 7.81348 -91.0828 1
56941468 -0.412231 -0.116699 0.903442 0 0.263916 -0.964478 -0.00415039 0 0.871948 0.236816 0.428345 0 466.241 8.25996 -90.5247 1
56941583 -0.417847 -0.119629 0.900513 0 0.264893 -0.964233 -0.00524902 0 0.868896 0.23645 0.434448 0 466.241 8.37158 -90.1898 1
56941683 -0.426514 -0.122192 0.896118 0 0.266724 -0.963745 -0.00439453 0 0.864136 0.237183 0.443604 0 466.018 8.59482 -89.855 1
56941813 -0.443726 -0.128052 0.886841 0 0.2677 -0.963501 -0.00500488 0 0.855103 0.235229 0.46167 0 466.241 9.04131 -89.0736 1
56941913 -0.446533 -0.128296 0.885498 0 0.267578 -0.963501 -0.0045166 0 0.85376 0.234985 0.464478 0 466.241 9.04131 -88.962 1
56942016 -0.457153 -0.129272 0.879883 0 0.267822 -0.963501 -0.00244141 0 0.848022 0.234619 0.474976 0 465.906 9.04131 -88.5155 1
56942116 -0.471313 -0.132935 0.871826 0 0.267944 -0.963379 -0.0020752 0 0.84021 0.232666 0.489624 0 465.795 9.48779 -87.9574 1
56942233 -0.482056 -0.134155 0.865723 0 0.26709 -0.963623 -0.000488281 0 0.834351 0.231079 0.500366 0 465.683 9.59941 -87.5109 1
56942350 -0.492188 -0.136597 0.859619 0 0.268066 -0.963379 0.000488281 0 0.828003 0.230713 0.510742 0 465.348 9.93428 -87.0645 1
56942450 -0.497192 -0.140015 0.856201 0 0.269287 -0.963013 -0.00109863 0 0.824707 0.22998 0.516479 0 465.348 10.1575 -86.8412 1
56942563 -0.503418 -0.141846 0.852295 0 0.269897 -0.962891 -0.000732422 0 0.820679 0.229614 0.522949 0 464.902 10.3808 -86.618 1
56942666 -0.514648 -0.14624 0.844727 0 0.268066 -0.963379 -0.00341797 0 0.814331 0.224609 0.534912 0 464.679 10.4924 -86.1715 1
56942797 -0.52124 -0.149292 0.840088 0 0.268188 -0.963379 -0.00476074 0 0.810059 0.2229 0.542114 0 464.344 10.4924 -85.9482 1
56942895 -0.524414 -0.150391 0.838013 0 0.268555 -0.963257 -0.00476074 0 0.807861 0.222534 0.545532 0 464.121 10.3808 -85.8366 1
56943001 -0.528687 -0.151611 0.835083 0 0.269409 -0.963013 -0.00427246 0 0.80481 0.222656 0.549927 0 463.786 10.4924 -85.6134 1
56943113 -0.534546 -0.153809 0.830933 0 0.27002 -0.962891 -0.0045166 0 0.800781 0.222046 0.556152 0 463.339 10.604 -85.3901 1
56943218 -0.542114 -0.156006 0.825562 0 0.269897 -0.962891 -0.00463867 0 0.795654 0.220459 0.564087 0 462.893 10.8272 -85.0553 1
56943333 -0.547729 -0.157471 0.821655 0 0.269897 -0.962891 -0.0045166 0 0.79187 0.21936 0.569824 0 462.669 10.8272 -84.7204 1
56943433 -0.553101 -0.159058 0.817749 0 0.270264 -0.962769 -0.00439453 0 0.787964 0.218506 0.575439 0 462.446 10.7156 -84.6088 1
56943550 -0.557983 -0.159668 0.814331 0 0.270264 -0.962769 -0.00354004 0 0.784546 0.21814 0.5802 0 462.223 10.4924 -84.3855 1
56943667 -0.561523 -0.158936 0.812012 0 0.269653 -0.962891 -0.00195313 0 0.782227 0.217896 0.583496 0 462.223 10.3808 -84.1623 1
56943766 -0.563721 -0.15918 0.810425 0 0.270264 -0.962769 -0.000976563 0 0.780396 0.218506 0.585693 0 462 10.3808 -84.1623 1
56943883 -0.566406 -0.159912 0.80835 0 0.272827 -0.962036 0.000976563 0 0.777466 0.221191 0.588501 0 461.776 10.4924 -83.9391 1
56943984 -0.569092 -0.158813 0.806763 0 0.274414 -0.961548 0.00427246 0 0.775024 0.223877 0.590698 0 461.665 10.4924 -83.8274 1
56944111 -0.570923 -0.157593 0.805664 0 0.277466 -0.960693 0.00878906 0 0.772583 0.228516 0.592163 0 461.218 10.4924 -83.8274 1
56944213 -0.580688 -0.159058 0.79834 0 0.27832 -0.960449 0.0111084 0 0.765015 0.228638 0.601929 0 461.218 10.7156 -83.2693 1
56944313 -0.592529 -0.161621 0.789063 0 0.275635 -0.961182 0.0102539 0 0.756836 0.223633 0.614014 0 461.553 10.4924 -82.7112 1
56944423 -0.602173 -0.164063 0.78125 0 0.274292 -0.961548 0.00939941 0 0.749634 0.219971 0.624023 0 461.665 10.604 -82.1531 1
56944534 -0.608765 -0.166626 0.775635 0 0.274902 -0.961426 0.00927734 0 0.744019 0.218994 0.630981 0 461.442 10.7156 -81.7066 1
56944634 -0.616333 -0.169556 0.768921 0 0.274658 -0.961548 0.00805664 0 0.737915 0.216187 0.63916 0 461.33 10.604 -81.2602 1
56944750 -0.626831 -0.174927 0.759155 0 0.275269 -0.961304 0.0057373 0 0.72876 0.212646 0.650757 0 461.218 10.8272 -80.4788 1
56944866 -0.634521 -0.177612 0.752197 0 0.274658 -0.961548 0.00463867 0 0.722412 0.209595 0.658813 0 461.218 10.8272 -80.0323 1
56944966 -0.635986 -0.178345 0.750732 0 0.275513 -0.961304 0.00500488 0 0.720703 0.209961 0.660522 0 460.995 10.9389 -80.0323 1
56945083 -0.637451 -0.178833 0.74939 0 0.275757 -0.961182 0.00524902 0 0.71936 0.210083 0.661987 0 460.772 10.8272 -79.9207 1
56945183 -0.639282 -0.179199 0.747681 0 0.275391 -0.961304 0.00512695 0 0.717896 0.209229 0.663818 0 460.66 10.7156 -79.8091 1
56945311 -0.643433 -0.179932 0.744019 0 0.274414 -0.961548 0.00463867 0 0.7146 0.207153 0.668091 0 460.325 10.7156 -79.5858 1
56945413 -0.644653 -0.180176 0.74292 0 0.274902 -0.961426 0.00537109 0 0.713257 0.207764 0.669189 0 459.991 10.7156 -79.5858 1
56945513 -0.644531 -0.179443 0.743042 0 0.275513 -0.961304 0.00683594 0 0.713013 0.209106 0.669067 0 459.767 10.7156 -79.6975 1
56945633 -0.644775 -0.179443 0.74292 0 0.276367 -0.96106 0.0078125 0 0.712524 0.210449 0.669189 0 459.321 10.7156 -79.8091 1
56945733 -0.645386 -0.17981 0.74231 0 0.276733 -0.960938 0.00793457 0 0.711914 0.210571 0.6698 0 459.098 10.7156 -79.8091 1
56945863 -0.646118 -0.179688 0.741699 0 0.276978 -0.960815 0.00854492 0 0.71106 0.210938 0.670532 0 458.539 10.604 -79.9207 1
56945950 -0.646606 -0.17981 0.741211 0 0.276733 -0.960938 0.00842285 0 0.710693 0.210693 0.671021 0 458.316 10.4924 -80.0323 1
56946063 -0.647705 -0.179443 0.740356 0 0.276123 -0.96106 0.00866699 0 0.709961 0.210205 0.671997 0 458.093 10.3808 -80.0323 1
56946183 -0.648804 -0.180054 0.739258 0 0.276123 -0.96106 0.00830078 0 0.708984 0.209595 0.673218 0 457.646 10.1575 -80.1439 1
56946284 -0.649902 -0.18103 0.738037 0 0.276245 -0.96106 0.00756836 0 0.707886 0.208862 0.674561 0 457.312 10.0459 -80.1439 1
56946384 -0.650635 -0.18103 0.737427 0 0.276611 -0.960938 0.00817871 0 0.707153 0.209351 0.675293 0 456.977 9.93428 -80.1439 1
56946510 -0.651245 -0.182129 0.736572 0 0.277344 -0.960693 0.00769043 0 0.706177 0.209351 0.676147 0 456.53 9.82266 -80.2556 1
56946613 -0.651367 -0.182739 0.736328 0 0.278076 -0.960571 0.00769043 0 0.705933 0.209717 0.676392 0 456.084 9.59941 -80.2556 1
56946717 -0.649902 -0.182739 0.737549 0 0.279297 -0.960205 0.00817871 0 0.706665 0.211426 0.675049 0 455.526 9.26455 -80.5904 1
56946834 -0.650635 -0.183594 0.736694 0 0.280396 -0.959839 0.00842285 0 0.705566 0.212158 0.676025 0 454.968 8.81807 -80.4788 1
56946934 -0.651367 -0.184082 0.735962 0 0.28125 -0.959595 0.00891113 0 0.70459 0.212769 0.67688 0 454.521 8.4832 -80.4788 1
